image: map.txt
resolution: 0.050000
origin: [-15.200000, -24.500000, 0.000000]
negate: 0
occupied_thresh: 0.65
free_thresh: 0.196
width: 544
height: 768
